01   4500    2500  6800   3.2    13300
02   3400    2100  5800   4.2    10000
03   3200    1900  5900   3.4    11000
04   4200    2400  6600   2.3    12000
05   4000    2000  6000   2.0    10000
06   4100    2100  6120   3.0    10500
07   4520    2470  6830   3.2    13310
08   3370    2120  5840   4.2    10500
09   3230    1920  5950   3.4    10200
10   4200    2400  6600   2.3    11400
11   4000    2000  6000   2.0    10500
12   4100    2100  6100   3.0    10200
13   4000    2400  6400   2.3    11000
14   3700    1800  6200   3.0    12000
15   3200    2000  5920   1.8    10500
16   4500    2500  6800   3.2    13300
17   3400    2100  5800   4.2    10000
18   3200    1900  5900   3.4    11000
19   4200    2400  6600   2.3    12000
20   4000    2000  6000   2.0    10000
21   4100    2100  6120   3.0    10500
22   4520    2470  6830   3.2    13310
23   3370    2120  5840   4.2    10500
24   3230    1920  5950   3.4    10200
25   4200    2400  6600   2.3    11400
26   4000    2000  6000   2.0    10500
27   4100    2100  6100   3.0    10200
28   4000    2400  6400   2.3    11000
29   3700    1800  6200   3.0    12000
30   3200    2000  5920   1.8    10500
31   4500    2500  6800   3.2    13300
32   3400    2100  5800   4.2    10000
33   3200    1900  5900   3.4    11000
34   4200    2400  6600   2.3    12000
35   4000    2000  6000   2.0    10000
36   4100    2100  6120   3.0    10500
37   4520    2470  6830   3.2    13310
38   3370    2120  5840   4.2    10500
39   3230    1920  5950   3.4    10200
40   4200    2400  6600   2.3    11400
41   4000    2000  6000   2.0    10500
42   4100    2100  6100   3.0    10200
43   4000    2400  6400   2.3    11000
44   3700    1800  6200   3.0    12000
45   3200    2000  5920   1.8    10500
46   4500    2500  6800   3.2    13300
47   3400    2100  5800   4.2    10000
48   3200    1900  5900   3.4    11000
49   4200    2400  6600   2.3    12000
50   4000    2000  6000   2.0    10000
51   4100    2100  6120   3.0    10500
52   4520    2470  6830   3.2    13310
53   3370    2120  5840   4.2    10500
54   3230    1920  5950   3.4    10200
55   4200    2400  6600   2.3    11400
56   4000    2000  6000   2.0    10500
57   4100    2100  6100   3.0    10200
58   4000    2400  6400   2.3    11000
59   3700    1800  6200   3.0    12000
60   3200    2000  5920   1.8    10500