1.0000000 7826.7710764 13300.0000000 0.4127281 0.5555556 0.5600000 1.1165125 
2.0000000 6866.0753290 10000.0000000 0.4110828 0.6176471 0.5600000 1.1198002 
3.0000000 5962.1412914 11000.0000000 0.3981436 0.5937500 0.5600000 1.1436815 
4.0000000 6649.2786658 12000.0000000 0.4115491 0.5714286 0.5600000 1.1188787 
5.0000000 5686.6505195 10000.0000000 0.4019950 0.5000000 0.5600000 1.1367488 
6.0000000 6736.6076211 10500.0000000 0.4052101 0.5121951 0.5600000 1.1309061 
7.0000000 7806.8002000 13310.0000000 0.4109546 0.5464602 0.5600000 1.1200522 
8.0000000 6873.2049874 10500.0000000 0.4113642 0.6290801 0.5600000 1.1192450 
9.0000000 6020.6157242 10200.0000000 0.3983712 0.5944272 0.5600000 1.1432719 
10.0000000 6649.2786658 11400.0000000 0.4115491 0.5714286 0.5600000 1.1188787 
11.0000000 5686.6505195 10500.0000000 0.4019950 0.5000000 0.5600000 1.1367488 
12.0000000 6734.5974795 10200.0000000 0.4055715 0.5121951 0.5600000 1.1302424 
13.0000000 6480.0564047 11000.0000000 0.4148373 0.6000000 0.5600000 1.1121295 
14.0000000 6013.2373426 12000.0000000 0.3865111 0.4864865 0.5600000 1.1651922 
15.0000000 4938.8677069 10500.0000000 0.4034869 0.6250000 0.5600000 1.1340492 
16.0000000 7826.7710764 13300.0000000 0.4127281 0.5555556 0.5600000 1.1165125 
17.0000000 6866.0753290 10000.0000000 0.4110828 0.6176471 0.5600000 1.1198002 
18.0000000 5962.1412914 11000.0000000 0.3981436 0.5937500 0.5600000 1.1436815 
19.0000000 6649.2786658 12000.0000000 0.4115491 0.5714286 0.5600000 1.1188787 
20.0000000 5686.6505195 10000.0000000 0.4019950 0.5000000 0.5600000 1.1367488 
21.0000000 6736.6076211 10500.0000000 0.4052101 0.5121951 0.5600000 1.1309061 
22.0000000 7806.8002000 13310.0000000 0.4109546 0.5464602 0.5600000 1.1200522 
23.0000000 6873.2049874 10500.0000000 0.4113642 0.6290801 0.5600000 1.1192450 
24.0000000 6020.6157242 10200.0000000 0.3983712 0.5944272 0.5600000 1.1432719 
25.0000000 6649.2786658 11400.0000000 0.4115491 0.5714286 0.5600000 1.1188787 
26.0000000 5686.6505195 10500.0000000 0.4019950 0.5000000 0.5600000 1.1367488 
27.0000000 6734.5974795 10200.0000000 0.4055715 0.5121951 0.5600000 1.1302424 
28.0000000 6480.0564047 11000.0000000 0.4148373 0.6000000 0.5600000 1.1121295 
29.0000000 6013.2373426 12000.0000000 0.3865111 0.4864865 0.5600000 1.1651922 
30.0000000 4938.8677069 10500.0000000 0.4034869 0.6250000 0.5600000 1.1340492 
31.0000000 7826.7710764 13300.0000000 0.4127281 0.5555556 0.5600000 1.1165125 
32.0000000 6866.0753290 10000.0000000 0.4110828 0.6176471 0.5600000 1.1198002 
33.0000000 5962.1412914 11000.0000000 0.3981436 0.5937500 0.5600000 1.1436815 
34.0000000 6649.2786658 12000.0000000 0.4115491 0.5714286 0.5600000 1.1188787 
35.0000000 5686.6505195 10000.0000000 0.4019950 0.5000000 0.5600000 1.1367488 
36.0000000 6736.6076211 10500.0000000 0.4052101 0.5121951 0.5600000 1.1309061 
37.0000000 7806.8002000 13310.0000000 0.4109546 0.5464602 0.5600000 1.1200522 
38.0000000 6873.2049874 10500.0000000 0.4113642 0.6290801 0.5600000 1.1192450 
39.0000000 6020.6157242 10200.0000000 0.3983712 0.5944272 0.5600000 1.1432719 
40.0000000 6649.2786658 11400.0000000 0.4115491 0.5714286 0.5600000 1.1188787 
41.0000000 5686.6505195 10500.0000000 0.4019950 0.5000000 0.5600000 1.1367488 
42.0000000 6734.5974795 10200.0000000 0.4055715 0.5121951 0.5600000 1.1302424 
43.0000000 6480.0564047 11000.0000000 0.4148373 0.6000000 0.5600000 1.1121295 
44.0000000 6013.2373426 12000.0000000 0.3865111 0.4864865 0.5600000 1.1651922 
45.0000000 4938.8677069 10500.0000000 0.4034869 0.6250000 0.5600000 1.1340492 
46.0000000 7826.7710764 13300.0000000 0.4127281 0.5555556 0.5600000 1.1165125 
47.0000000 6866.0753290 10000.0000000 0.4110828 0.6176471 0.5600000 1.1198002 
48.0000000 5962.1412914 11000.0000000 0.3981436 0.5937500 0.5600000 1.1436815 
49.0000000 6649.2786658 12000.0000000 0.4115491 0.5714286 0.5600000 1.1188787 
50.0000000 5686.6505195 10000.0000000 0.4019950 0.5000000 0.5600000 1.1367488 
51.0000000 6736.6076211 10500.0000000 0.4052101 0.5121951 0.5600000 1.1309061 
52.0000000 7806.8002000 13310.0000000 0.4109546 0.5464602 0.5600000 1.1200522 
53.0000000 6873.2049874 10500.0000000 0.4113642 0.6290801 0.5600000 1.1192450 
54.0000000 6020.6157242 10200.0000000 0.3983712 0.5944272 0.5600000 1.1432719 
55.0000000 6649.2786658 11400.0000000 0.4115491 0.5714286 0.5600000 1.1188787 
56.0000000 5686.6505195 10500.0000000 0.4019950 0.5000000 0.5600000 1.1367488 
57.0000000 6734.5974795 10200.0000000 0.4055715 0.5121951 0.5600000 1.1302424 
58.0000000 6480.0564047 11000.0000000 0.4148373 0.6000000 0.5600000 1.1121295 
59.0000000 6013.2373426 12000.0000000 0.3865111 0.4864865 0.5600000 1.1651922 
60.0000000 4938.8677069 10500.0000000 0.4034869 0.6250000 0.5600000 1.1340492 
